Circle 377 -209 72 65 71 70
Triangle 422 -100 221 138 72 113
Square 95 -12 135 232 213 168
Circle 623 -324 49 73 101 72
Triangle 247 -193 176 15 112 137
Triangle 393 -54 212 35 76 131
Square 62 -366 126 130 217 186
Circle 590 -279 39 224 105 91
Circle 663 -60 80 7 4 61
Triangle 282 -328 207 204 15 125
Triangle 428 -190 243 224 232 120
Triangle 346 -109 248 240 166 145
Triangle 105 -385 212 105 223 131
Circle 351 -254 84 48 234 95
Triangle 710 -123 211 244 245 110
Triangle 468 -399 174 109 49 146
Square 149 -311 88 204 190 151
Triangle 532 -179 215 146 201 116
Square 40 -48 87 88 211 180
Square 388 -353 165 6 53 164
Circle 734 -222 37 203 63 79
Triangle 503 -134 206 43 204 134
Square 189 -46 119 138 92 189
Triangle 570 -352 197 56 187 123
Triangle 716 -213 232 76 151 117
Square 431 -125 146 170 39 172
Triangle 623 -387 182 190 3 116
Circle 146 -292 4 108 98 50
Circle 53 -212 9 125 32 75
Square 401 -117 87 43 127 159
Square 568 -378 122 63 91 154
Square 474 -298 128 80 25 179
Square 641 -159 163 100 242 173
Circle 541 -6 13 166 9 60
